1
837 117 665 397
603 0 217
648 0 113
322 0 372
321 0 326
312 0 27
161 0 359
226 0 4
580 0 193
511 0 304
416 0 45
466 0 235
450 0 125
629 0 395
345 0 259
168 0 79
600 0 121
117 0 115
174 0 86
247 0 320
440 0 319
240 0 263
138 0 120
328 0 184
616 0 343
317 0 56
486 0 42
628 0 124
137 0 333
213 0 196
214 0 23
29 0 71
338 0 77
421 0 45
253 0 18
321 0 108
114 0 6
230 0 226
196 0 20
532 0 366
225 0 384
336 0 35
444 0 92
247 0 269
517 0 352
258 0 362
569 0 373
494 0 380
80 0 280
660 0 92
324 0 280
312 0 14
453 0 258
102 0 138
343 0 35
116 0 388
350 0 282
240 0 11
579 0 309
636 0 180
349 0 285
93 0 199
491 0 165
8 0 325
319 0 336
338 0 154
526 0 127
606 0 175
59 0 262
512 0 125
552 0 147
453 0 263
392 0 257
71 0 55
415 0 256
112 0 76
539 0 93
630 0 358
262 0 86
65 0 387
100 0 82
471 0 168
39 0 44
400 0 177
271 0 345
115 0 319
219 0 173
321 0 316
659 0 127
519 0 175
312 0 47
300 0 204
75 0 276
3 0 292
64 0 297
252 0 327
322 0 168
63 0 179
20 0 56
392 0 202
574 0 148
326 0 244
541 0 344
169 0 73
552 0 260
608 0 249
512 0 186
347 0 34
487 0 251
289 0 108
449 0 45
609 0 376
60 0 181
89 0 272
573 0 263
38 0 86
530 0 247
59 0 384
302 0 330
511 0 244
308 0 32
104 0 228
492 0 243
424 0 267
357 0 268
317 0 8
228 0 35
370 0 46
89 0 124
94 0 345
248 0 55
130 0 113
642 0 124
470 0 173
346 0 362
319 0 117
158 0 298
191 0 240
88 0 382
561 0 124
238 0 141
45 0 246
171 0 58
146 0 226
502 0 84
459 0 40
426 0 110
477 0 369
254 0 163
214 0 173
163 0 167
254 0 210
504 0 94
417 0 395
325 0 365
576 0 56
448 0 63
556 0 173
107 0 71
148 0 269
203 0 256
564 0 287
63 0 170
188 0 94
275 0 140
394 0 329
244 0 316
118 0 286
488 0 185
377 0 15
562 0 357
281 0 225
334 0 7
437 0 395
494 0 126
198 0 315
544 0 285
219 0 241
281 0 380
49 0 213
267 0 292
195 0 160
391 0 286
354 0 81
553 0 82
408 0 311
141 0 369
324 0 243
443 0 314
335 0 218
331 0 123
7 0 171
376 0 219
258 0 332
201 0 221
446 0 216
639 0 305
408 0 98
118 0 59
505 0 107
59 0 63
646 0 196
581 0 214
352 0 68
340 0 208
197 0 43
200 0 352
21 0 227
251 0 54
179 0 260
633 0 382
223 0 291
258 0 199
94 0 320
151 0 393
473 0 292
644 0 93
451 0 246
435 0 51
660 0 61
625 0 279
411 0 175
377 0 180
86 0 335
38 0 371
504 0 308
439 0 299
472 0 370
416 0 69
262 0 113
151 0 34
248 0 60
514 0 143
654 0 373
422 0 396
395 0 134
186 0 296
41 0 266
355 0 249
107 0 238
330 0 327
213 0 130
76 0 219
255 0 187
198 0 185
191 0 391
126 0 149
85 0 223
30 0 281
544 0 40
19 0 70
393 0 47
247 0 112
493 0 371
575 0 164
524 0 38
437 0 367
658 0 349
660 0 122
52 0 83
107 0 335
360 0 395
620 0 356
380 0 364
182 0 375
640 0 67
486 0 224
19 0 52
102 0 278
384 0 290
218 0 215
171 0 227
140 0 181
507 0 370
435 0 198
337 0 279
58 0 347
454 0 53
52 0 144
182 0 309
230 0 153
396 0 269
282 0 382
327 0 68
163 0 262
320 0 237
131 0 166
630 0 362
79 0 259
282 0 181
164 0 337
219 0 175
513 0 361
58 0 137
649 0 379
22 0 218
364 0 176
166 0 161
479 0 345
652 0 200
630 0 365
518 0 57
378 0 160
611 0 277
576 0 53
458 0 26
398 0 320
390 0 49
286 0 352
363 0 30
259 0 243
332 0 122
550 0 261
193 0 262
36 0 386
218 0 60
656 0 191
307 0 202
517 0 199
13 0 85
400 0 303
633 0 233
164 0 94
94 0 38
57 0 6
248 0 255
391 0 308
384 0 238
531 0 187
613 0 336
284 0 68
220 0 60
223 0 200
599 0 279
0 0 380
112 0 369
91 0 7
211 0 309
366 0 291
647 0 125
188 0 2
457 0 297
618 0 50
268 0 290
108 0 316
215 0 51
441 0 242
205 0 254
314 0 53
193 0 196
68 0 161
548 0 187
383 0 154
473 0 95
531 0 109
316 0 242
382 0 218
98 0 135
112 0 291
504 0 110
613 0 120
495 0 215
84 0 188
68 0 10
629 0 346
407 0 2
120 0 388
196 0 178
80 0 389
305 0 265
357 0 21
11 0 283
212 0 290
445 0 195
35 0 20
464 0 102
517 0 268
648 0 303
497 0 110
427 0 29
656 0 195
352 0 149
79 0 212
379 0 47
134 0 363
488 0 377
389 0 371
400 0 77
358 0 153
200 0 206
183 0 341
574 0 53
175 0 322
216 0 284
374 0 320
388 0 31
354 0 253
275 0 142
527 0 185
378 0 286
326 0 367
261 0 368
201 0 203
398 0 357
423 0 89
419 0 300
429 0 51
559 0 84
365 0 271
348 0 268
169 0 81
640 0 13
541 0 226
211 0 388
245 0 206
404 0 248
631 0 290
146 0 374
556 0 303
226 0 363
298 0 124
116 0 296
122 0 311
15 0 60
206 0 312
368 0 326
195 0 306
30 0 297
199 0 325
242 0 187
74 0 78
185 0 73
41 0 83
141 0 94
487 0 10
5 0 226
604 0 290
659 0 88
300 0 201
309 0 12
506 0 127
260 0 216
170 0 20
224 0 40
552 0 108
50 0 151
531 0 245
285 0 362
79 0 89
133 0 311
633 0 98
121 0 332
120 0 171
438 0 142
571 0 247
537 0 55
354 0 232
513 0 361
95 0 170
516 0 142
135 0 376
641 0 317
109 0 68
391 0 19
526 0 100
567 0 77
474 0 225
654 0 268
279 0 298
115 0 193
237 0 278
518 0 117
246 0 297
664 0 77
518 0 178
265 0 79
213 0 335
55 0 355
602 0 240
567 0 30
474 0 311
635 0 220
108 0 166
536 0 170
513 0 108
334 0 117
383 0 366
325 0 19
372 0 191
131 0 274
163 0 151
125 0 251
133 0 49
16 0 257
556 0 360
635 0 298
328 0 265
365 0 337
657 0 316
106 0 67
219 0 177
562 0 193
164 0 385
89 0 278
33 0 186
322 0 178
25 0 158
49 0 225
566 0 267
600 0 385
600 0 384
100 0 175
104 0 214
508 0 326
6 0 258
415 0 300
377 0 384
31 0 150
406 0 317
18 0 375
490 0 196
208 0 392
417 0 159
473 0 49
641 0 9
330 0 244
392 0 263
632 0 199
654 0 143
74 0 22
295 0 284
401 0 296
425 0 126
244 0 165
5 0 183
14 0 34
244 0 243
273 0 154
651 0 18
91 0 243
11 0 262
447 0 376
396 0 395
188 0 74
217 0 349
250 0 264
386 0 227
397 0 249
419 0 64
527 0 319
617 0 305
638 0 16
544 0 196
318 0 305
469 0 2
410 0 16
559 0 296
492 0 298
488 0 379
209 0 395
51 0 375
410 0 343
642 0 334
224 0 142
203 0 344
459 0 244
567 0 262
338 0 250
609 0 372
297 0 275
637 0 315
436 0 171
255 0 168
541 0 8
632 0 69
211 0 15
78 0 76
276 0 259
372 0 188
174 0 10
92 0 391
625 0 361
534 0 81
652 0 159
99 0 198
23 0 328
14 0 78
128 0 326
482 0 327
541 0 157
486 0 312
46 0 73
485 0 333
11 0 346
292 0 172
338 0 278
95 0 396
157 0 8
391 0 90
58 0 363
175 0 138
62 0 381
478 0 346
393 0 240
63 0 241
50 0 300
514 0 213
590 0 364
176 0 343
325 0 343
594 0 130
208 0 244
456 0 283
158 0 2
340 0 157
64 0 93
362 0 356
133 0 51
182 0 138
566 0 268
640 0 109
239 0 45
186 0 369
241 0 201
409 0 57
581 0 346
405 0 3
93 0 243
72 0 129
95 0 328
566 0 360
166 0 354
55 0 137
13 0 152
504 0 169
236 0 124
18 0 238
531 0 388
184 0 33
228 0 320
441 0 113
12 0 49
176 0 372
285 0 48
111 0 381
571 0 125
12 0 284
1 0 37
327 0 382
398 0 51
615 0 2
586 0 118
245 0 385
31 0 97
613 0 154
50 0 170
459 0 8
476 0 285
146 0 327
293 0 6
11 0 106
553 0 250
69 0 188
42 0 102
126 0 24
430 0 312
492 0 148
416 0 156
403 0 313
10 0 9
66 0 132
147 0 45
126 0 334
594 0 101
507 0 64
285 0 344
399 0 295
479 0 251
86 0 213
155 0 279
495 0 123
110 0 53
448 0 113
462 0 299
598 0 221
550 0 333
143 0 167
153 0 52
512 0 237
29 0 138
292 0 56
600 0 2
454 0 27
169 0 146
342 0 29
107 0 337
100 0 202
263 0 292
107 0 170
501 0 68
430 0 121
3 0 80
508 0 113
144 0 31
397 0 264
209 0 32
617 0 352
388 0 58
397 0 179
91 0 265
445 0 354
500 0 51
337 0 85
349 0 339
135 0 279
386 0 203
152 0 65
40 0 343
507 0 318
554 0 32
539 0 105
538 0 277
485 0 189
176 0 8
519 0 91
324 0 286
456 0 76
94 0 336
466 0 134
363 0 169
509 0 202
153 0 33
382 0 258
31 0 236
510 0 284
576 0 247
507 0 57
208 0 67
659 0 353
662 0 79
429 0 289
382 0 97
607 0 163
645 0 71
271 0 275
24 0 295
524 0 206
279 0 253
561 0 219
629 0 205
393 0 211
603 0 284
323 0 60
100 0 145
172 0 330
637 0 5
271 0 260
509 0 215
429 0 92
289 0 330
83 0 19
251 0 180
510 0 98
176 0 237
654 0 96
280 0 10
308 0 248
534 0 85
74 0 264
18 0 340
234 0 67
487 0 229
60 0 280
343 0 176
278 0 242
117 0 230
39 0 143
598 0 43
303 0 394
633 0 33
237 0 100
655 0 245
390 0 51
315 0 392
406 0 64
13 0 159
419 0 344
480 0 371
252 0 41
57 0 10
309 0 78
613 0 198
158 0 113
207 0 198
263 0 357
138 0 354
387 0 129
459 0 126
438 0 358
157 0 308
617 0 245
13 0 282
160 0 199
596 0 137
456 0 306
566 0 330
577 0 138
520 0 157
630 0 195
315 0 262
320 0 299
498 0 114
263 0 247
563 0 99
328 0 338
359 0 235
188 0 214
422 0 159
579 0 322
603 0 293
245 0 325
578 0 236
249 0 341
540 0 375
662 0 366
511 0 357
481 0 39
366 0 218
247 0 12
566 0 117
118 0 377
343 0 115
59 0 154
26 0 220
132 0 205
410 0 386
299 0 79
219 0 149
2 10 19 24 33 36 40 41 44 49 53 55 59 61 62 77 79 83 86 88 92 95 97 100 113 115 117 129 134 137 139 141 145 149 153 159 165 171 180 181 186 193 196 201 203 204 219 222 233 235 245 246 250 262 279 284 285 298 299 307 313 318 325 326 329 330 336 341 349 358 364 367 370 373 377 382 396 399 404 415 416 418 422 423 424 441 464 473 484 497 502 504 510 512 514 522 523 527 534 543 546 550 553 564 567 568 569 601 607 613 615 623 626 629 641 651 658 